Heat Transfer Coefficient Data

Strip Area	 18.73 	 cm2
Power Correction Slope 	 0.1022 	 W/deg C(lab)

Case 	 Flow 	 Strip Power 	 	 	 	 Power Correction 	 Temperatures 	 	 	 	 T_lab 	 T_gasIn 	 T_gasOut 	 Delta T 	 HTC 	 	 	 	 Mean HTC 	 Error on HTC
30LPM@0_0245	30 	0.469935 	 0.4678134 	 0.462758708167 	 0.469935 	 0.422511189852 	2.65627833333 	 3.89318666667 	 5.19564833333 	 6.26536388889 	23.8225866667 	 0.698593888889 	 5.64435333333 	 4.94575944444 	0.0166293139693 	 0.0165389479823 	 0.0155703157884 	 0.0179743608649 	 0.0196805911126 	 0.00377465158244 
	 	 0.471934271893 	 0.4709976 	 0.4688736 	 0.4720614 	 	2.49895444444 	 3.50461277778 	 4.77775055556 	 5.89254055556 		 	 	 	 0.018932720119 	 0.0234728601802 	 0.0224862498845 	 0.0258399601121 	 

30LPM@0_049	30 	0.9420054 	 0.9360006 	 0.9270294 	 0.9420054 	 0.820331753815 	5.05078277778 	 7.48448888889 	 10.0499361111 	 12.07983 	24.51725 	 1.02391666667 	 10.7513405556 	 9.72742388889 	0.0159475561414 	 0.0158230664706 	 0.0149430414623 	 0.0176180185767 	 0.0189763326931 	 0.00381855767167 
	 	 0.9420054 	 0.9420054 	 0.9375 	 0.9435096 	 	4.67516222222 	 6.69604666667 	 9.24732611111 	 11.25411 		 	 	 	 0.0184072886924 	 0.0221442345507 	 0.0207984131366 	 0.0261290425142 	 

30LPM@0_098	30 	1.8839904 	 1.8754944 	 1.8564486 	 1.8839904 	 1.69203058976 	10.5763716667 	 15.4390105556 	 20.5543338889 	 24.4902605556 	24.8591083333 	 2.33182111111 	 21.7054761111 	 19.373655 	0.0153380763246 	 0.0152099427312 	 0.0143671559965 	 0.017153821128 	 0.0183514827074 	 0.00387871268211 
	 	 1.8818646 	 1.8818646 	 1.87131599919 	 1.8839904 	 	9.75444444444 	 13.8246316667 	 18.9262261111 	 22.7122794444 		 	 	 	 0.0178362712645 	 0.0210984495049 	 0.0197585735051 	 0.0260495712048 	 

35LPM@0_0245	35 	0.4314624 	 0.4304454 	 0.4253784 	 0.43172701656 	 0.293994210133 	1.743148 	 2.726872 	 3.756664 	 4.654436 	25.038628 	 0.167348 	 4.068372 	 3.901024 	0.0193699011631 	 0.0191708090371 	 0.0180275621595 	 0.0196442878237 	 0.0235695217328 	 0.00533759413455 
	 	 0.4335 	 0.4324806 	 0.4314624 	 0.4335 	 	1.572768 	 2.343688 	 3.332356 	 4.272172 		 	 	 	 0.0230843071869 	 0.0296194246526 	 0.0289980905591 	 0.0306417912807 	 

35LPM@0_049	35 	0.9420054 	 0.9390006 	 0.9285216 	 0.9420054 	 0.688188247733 	4.225312 	 6.318612 	 8.551996 	 10.385736 	25.237812 	 0.650356 	 9.022008 	 8.371652 	0.0180777792456 	 0.0180115630644 	 0.0168540996609 	 0.01896521025 	 0.0221431467314 	 0.00508942985074 
	 	 0.9420054 	 0.9420054 	 0.9390006 	 0.9435096 	 	3.792788 	 5.478852 	 7.655244 	 9.468496 		 	 	 	 0.0218082967972 	 0.0270611205163 	 0.025696184897 	 0.0306709194195 	 

35LPM@0_098	35 	1.8839904 	 1.87771000436 	 1.8543384 	 1.8839904 	 1.43855052413 	9.044324 	 13.198708 	 17.652528 	 21.188356 	25.366676 	 1.747368 	 18.353648 	 16.60628 	0.0174296548661 	 0.0173560670172 	 0.0161809593635 	 0.0185323975672 	 0.0214289110383 	 0.00507535409404 
	 	 1.8818646 	 1.8818646 	 1.8754944 	 1.8839904 	 	8.111192 	 11.496348 	 15.849116 	 19.251408 		 	 	 	 0.0211960969224 	 0.0258090200549 	 0.0243228109164 	 0.0306042815989 	 

40LPM@0_0245	40 	0.4314624 	 0.4304454 	 0.4253784 	 0.431547882634 	 0.247561558667 	1.44974 	 2.318864 	 3.214628 	 4.010324 	24.205152 	 0.031668 	 3.471596 	 3.439928 	0.0216457188791 	 0.0213928233601 	 0.0203898687458 	 0.0220830688267 	 0.0267942469032 	 0.00637514788339 
	 	 0.4335 	 0.4324806 	 0.4314624 	 0.4335 	 	1.282212 	 1.946316 	 2.809924 	 3.668708 		 	 	 	 0.0261976154239 	 0.0343252022286 	 0.0340405690199 	 0.0342791087412 	 

40LPM@0_049	40 	0.9420054 	 0.9390006 	 0.9270294 	 0.9420054 	 0.6031264768 	3.729192 	 5.579852 	 7.547296 	 9.185772 	24.511928 	 0.465304 	 7.915728 	 7.450424 	0.0198395539227 	 0.0198725388915 	 0.0187500122937 	 0.0210223312757 	 0.024872961319 	 0.00601800939547 
	 	 0.9420054 	 0.9420054 	 0.9390006 	 0.9435096 	 	3.289088 	 4.74856 	 6.67784 	 8.334552 		 	 	 	 0.0244533212681 	 0.0310723061092 	 0.0296377676012 	 0.0343358591899 	 

40LPM@0_098	40 	1.8839904 	 1.8776166 	 1.85642327049 	 1.8839904 	 1.271265676 	8.067424 	 11.733368 	 15.6837 	 18.852132 	24.726816 	 1.3962 	 16.182124 	 14.785924 	0.0191001773819 	 0.0191508612088 	 0.0179632192574 	 0.0203883961584 	 0.0240306152282 	 0.00598280645802 
	 	 1.8818646 	 1.8818646 	 1.8754944 	 1.8839904 	 	7.117832 	 10.046384 	 13.916112 	 17.019312 		 	 	 	 0.0237534269602 	 0.0296272526503 	 0.0279579974184 	 0.03430359079 	 

45LPM@0_0245	45 	0.4314624 	 0.4304454 	 0.4263894 	 0.43184917464 	 0.209293689467 	1.203376 	 1.978652 	 2.803992 	 3.561472 	25.212628 	 -0.065012 	 2.939332 	 3.004344 	0.0242406720476 	 0.0235420183179 	 0.0215600731037 	 0.0217141283366 	 0.0301248132342 	 0.00870227363284 
	 	 0.4335 	 0.4324806 	 0.4314624 	 0.4335 	 	1.052764 	 1.606804 	 2.335616 	 3.115204 		 	 	 	 0.029306122481 	 0.0397983352148 	 0.0413896056023 	 0.0394475507693 	 

45LPM@0_049	45 	0.9420054 	 0.9390006 	 0.9285216 	 0.9420054 	 0.5181648264 	3.205208 	 4.823744 	 6.632348 	 8.132156 	25.41488 	 0.327484 	 6.71914 	 6.391656 	0.0225347851309 	 0.0222369987534 	 0.0199666458307 	 0.0211777303259 	 0.0282383775935 	 0.00798437075058 
	 	 0.9420054 	 0.9420054 	 0.9390006 	 0.9435096 	 	2.808332 	 4.00332 	 5.626756 	 7.101448 		 	 	 	 0.0278523207997 	 0.0366269348123 	 0.0357873329331 	 0.0397242721623 	 

45LPM@0_098	45 	1.8839904 	 1.87974 	 1.85856 	 1.8839904 	 1.09106497547 	6.936008 	 10.115264 	 13.739764 	 16.586948 	25.65024 	 1.076416 	 13.703184 	 12.626768 	0.0217980199993 	 0.0216309998484 	 0.0192732729057 	 0.0209144745266 	 0.0274493013247 	 0.0078221706662 
	 	 1.88398189441 	 1.8818646 	 1.8754944 	 1.8861174 	 	6.07762 	 8.461416 	 11.728364 	 14.466956 		 	 	 	 0.0272644181351 	 0.0351737751914 	 0.0336455299208 	 0.03989392007 	 

50LPM@0_0245	50 	0.432477204007 	 0.4304454 	 0.4253784 	 0.4324806 	 0.16636786163 	0.91024 	 1.59521666667 	 2.36865166667 	 2.99071444444 	25.7019683333 	 -0.233128333333 	 2.40555388889 	 2.63868222222 	0.027022731023 	 0.0260781648524 	 0.0226797449592 	 0.0240264113613 	 0.0341344295689 	 0.0109371718486 
	 	 0.4335 	 0.433308487823 	 0.4314624 	 0.433500566667 	 	0.766241666667 	 1.22897055556 	 1.86606722222 	 2.56535333333 		 	 	 	 0.0329161457663 	 0.0466115095281 	 0.0487305780808 	 0.0450101509803 	 

50LPM@0_049	50 	0.9420054 	 0.9390006 	 0.9255384 	 0.9420054 	 0.4590712875 	2.96107888889 	 4.33915555556 	 5.96764444444 	 7.20940055556 	22.5652266667 	 0.436392777778 	 5.83232277778 	 5.39593 	0.0255319155728 	 0.0250512620385 	 0.0214747893758 	 0.0230258004228 	 0.0324640239703 	 0.0101677346863 
	 	 0.9420054 	 0.9405024 	 0.938384375134 	 0.9435096 	 	2.56756777778 	 3.53961444444 	 4.91779277778 	 6.18428777778 		 	 	 	 0.0324291521664 	 0.0436757114007 	 0.0424238427889 	 0.0460997179965 	 

50LPM@0_098	50 	1.8839904 	 1.8776166 	 1.8543384 	 1.8839904 	 0.953085328167 	6.16911722222 	 8.92605388889 	 12.239915 	 14.6498577778 	22.2702833333 	 0.931650555556 	 11.8457083333 	 10.9140577778 	0.0243321994177 	 0.0240677106461 	 0.0206509310155 	 0.022609047563 	 0.0312354354268 	 0.00983885244178 
	 	 1.8818646 	 1.87990166348 	 1.8754944 	 1.8839904 	 	5.310645 	 7.29033611111 	 10.1293905556 	 12.5285222222 		 	 	 	 0.0312233469699 	 0.0414955596722 	 0.0394663731554 	 0.0460383149745 	 

55LPM@0_0245	55 	0.4314624 	 0.4304454 	 0.4253784 	 0.43149089327 	 0.1022677404 	0.387108 	 1.00846 	 1.518084 	 2.282804 	24.698072 	 -0.668712 	 1.646548 	 2.31526 	0.0291717117674 	 0.0275706412808 	 0.0297836082356 	 0.0241546588939 	 0.0372043162036 	 0.0116368724079 
	 	 0.4335 	 0.4324806 	 0.4314624 	 0.4335 	 	0.25856 	 0.661172 	 1.1875 	 1.819928 		 	 	 	 0.0352212310264 	 0.0485462545422 	 0.054640659535 	 0.0485457643477 	 

55LPM@0_049	55 	0.9420054 	 0.9390006 	 0.9285216 	 0.9420054 	 0.3428900696 	1.995768 	 3.258332 	 4.542092 	 5.91454 	24.82532 	 -0.385016 	 4.465036 	 4.850052 	0.0270576434666 	 0.0262274685964 	 0.0249466493453 	 0.0233560925101 	 0.0345844680672 	 0.0108442377109 
	 	 0.9420054 	 0.9420054 	 0.9390006 	 0.9435096 	 	1.641212 	 2.49054 	 3.674248 	 4.834568 		 	 	 	 0.0338137296535 	 0.0454344679996 	 0.0465514946625 	 0.0492881983034 	 

55LPM@0_098	55 	1.8839904 	 1.87974 	 1.85856 	 1.8839904 	 0.785753548533 	4.986536 	 7.415012 	 10.1223 	 12.58886 	25.174976 	 0.186824 	 9.60144 	 9.414616 	0.0263217434974 	 0.0257277489045 	 0.0232028505319 	 0.0228998543292 	 0.0337194307566 	 0.0108406919653 
	 	 1.88191560515 	 1.8818646 	 1.8754944 	 1.88524093065 	 	4.207136 	 5.865912 	 8.229036 	 10.340888 		 	 	 	 0.0334975760739 	 0.0443297128858 	 0.0439775601462 	 0.049798399684 	 

60LPM@0_0245	60 	0.469935 	 0.4688736 	 0.4625304 	 0.469935 	 0.134714731778 	0.69368 	 1.32299333333 	 2.11663833333 	 2.66374333333 	20.7290916667 	 -0.362497777778 	 1.89160333333 	 2.25410111111 	0.0312434836407 	 0.0287296547369 	 0.0222362978265 	 0.0229579335227 	 0.0386453391576 	 0.014606366848 
	 	 0.4709976 	 0.4709976 	 0.469935 	 0.4720614 	 	0.540436666667 	 0.926700555556 	 1.45917055556 	 2.07990111111 		 	 	 	 0.0390426120827 	 0.054633027139 	 0.058605124277 	 0.0517145800358 	 

60LPM@0_049	60 	0.942002894002 	 0.9390006 	 0.9255384 	 0.9420054 	 0.354236830056 	2.21410444444 	 3.38811722222 	 4.98773277778 	 6.00770833333 	20.5748133333 	 0.02319 	 4.33767777778 	 4.31448777778 	0.0290255254392 	 0.0273488786777 	 0.0207494272632 	 0.021698226289 	 0.036333122939 	 0.0135082074163 
	 	 0.9420054 	 0.9405024 	 0.9390006 	 0.9435096 	 	1.83694333333 	 2.58292555556 	 3.662565 	 4.70893111111 		 	 	 	 0.0376155045393 	 0.0508158820649 	 0.0506759808605 	 0.0527355583786 	 

60LPM@0_098	60 	1.8839904 	 1.87974 	 1.8543384 	 1.8861174 	 0.682428303556 	4.36427722222 	 6.52115666667 	 8.84062833333 	 11.2287427778 	23.7326422222 	 -0.0492127777778 	 8.09816166667 	 8.14737444444 	0.0282911398474 	 0.0272604667888 	 0.0248745626202 	 0.023177600346 	 0.0360643038491 	 0.0119270326843 
	 	 1.8839904 	 1.8818646 	 1.87592817441 	 1.8861174 	 	3.61696722222 	 5.02160055556 	 7.04670055556 	 8.883365 		 	 	 	 0.0362761030377 	 0.0475983875208 	 0.0477191429619 	 0.0533170276703 	 

