Heat Transfer Coefficient Data

Strip Area	 18.73 	 cm2
Power Correction Slope 	 0.1022 	 W/deg C(lab)

Case 	 Flow 	 Strip Power 	 	 	 	 Temperatures 	 	 	 	 T_lab 	 T_gasIn 	 T_gasOut 	 HTC 	 	 	 	 Mean HTC
5MBAR@0_0245	5 	0.469936327501 	 0.469935 	 0.4688736 	 0.470483417408 	2.55096625 	 3.96277125 	 5.371195 	 6.48474625 	22.7149375 	 0.28322375 	 5.86804375 	0.0145904081423 	 0.01444678241 	 0.0143008001364 	 0.0174405352738 	 0.0178312213168 
	 	 0.4709976 	 0.4709976 	 0.4720614 	 0.4720614 	2.39694875 	 3.5447075 	 4.94914 	 6.0416375 		 	 	 0.0162178550183 	 0.0196700031085 	 0.0195806484912 	 0.0264027379537 

5MBAR@0_049	5 	0.9420054 	 0.9405024 	 0.9390006 	 0.9420054 	5.60828 	 8.43850375 	 11.25445375 	 13.37110625 	22.5711575 	 0.8796375 	 12.0688625 	0.0136997936814 	 0.0135418280964 	 0.0134434510477 	 0.0168907475961 	 0.0168532093089 
	 	 0.9420054 	 0.9405024 	 0.9420054 	 0.9435096 	5.23937125 	 7.58533625 	 10.44347 	 12.43124875 		 	 	 0.0154065941378 	 0.0181452732738 	 0.0177471233456 	 0.0259508632919 

5MBAR@0_098	5 	1.8839904 	 1.8818646 	 1.8776166 	 1.8839904 	11.7688575 	 17.4781025 	 23.09040375 	 27.133465 	22.5784 	 2.0254275 	 24.43626375 	0.0130975766594 	 0.0128835088384 	 0.0128338608877 	 0.0165360449624 	 0.0161819316821 
	 	 1.8818646 	 1.87974 	 1.8818646 	 1.8839904 	10.95512625 	 15.74471125 	 21.49632375 	 25.18621125 		 	 	 0.0148181701467 	 0.0170637133531 	 0.0166194716852 	 0.0256031069244 

10MBAR@0_0245	10 	0.469935 	 0.469935 	 0.4688736 	 0.469935 	1.8438975 	 2.82574 	 3.8371625 	 4.6575725 	22.01878375 	 0.2147 	 4.117105 	0.0206475909274 	 0.0205353022415 	 0.0198658418022 	 0.0229192125943 	 0.0265871378816 
	 	 0.4709976 	 0.4709976 	 0.471397713938 	 0.4720614 	1.67644125 	 2.4025625 	 3.36800875 	 4.24022875 		 	 	 0.0242559333418 	 0.0326088652214 	 0.0331023643666 	 0.0387619925579 

10MBAR@0_049	10 	0.941949015844 	 0.9405024 	 0.938342064001 	 0.9420054 	3.9447875 	 5.84244625 	 7.831195 	 9.3600825 	21.02051125 	 0.60734125 	 8.21663625 	0.0197422202843 	 0.019748454611 	 0.0190101685753 	 0.0224927814223 	 0.0256094711255 
	 	 0.9420054 	 0.9405024 	 0.9420054 	 0.9420054 	3.544175 	 4.988345 	 6.93256125 	 8.4629275 		 	 	 0.0237267613618 	 0.0307906671338 	 0.030019908092 	 0.0393448075231 

10MBAR@0_098	10 	1.8839904 	 1.88190976077 	 1.8776166 	 1.8839904 	8.14441875 	 11.93047625 	 15.91083125 	 18.84546875 	22.01673375 	 1.29292 	 16.47758375 	0.0189910899172 	 0.0190074481083 	 0.0182799546767 	 0.0220514465154 	 0.0247751427077 
	 	 1.8818646 	 1.87974 	 1.8818646 	 1.8839904 	7.26104875 	 10.1883225 	 14.1255025 	 16.96964 		 	 	 0.0230850588108 	 0.0293156167858 	 0.0281126669535 	 0.0393578598942 

15MBAR@0_0245	15 	0.432276864 	 0.4314624 	 0.4304454 	 0.432479326501 	0.9658525 	 1.72288375 	 2.49697125 	 3.1039175 	22.5440575 	 -0.2718425 	 2.61052375 	0.0252752599762 	 0.0242198057172 	 0.0228242504058 	 0.0259898992493 	 0.0328728064164 
	 	 0.432625791184 	 0.4324806 	 0.4335 	 0.4335 	0.82424375 	 1.334825 	 2.0260325 	 2.71845 		 	 	 0.030165009065 	 0.0421989545418 	 0.0448065756749 	 0.0475026967012 

15MBAR@0_049	15 	0.9420054 	 0.9405024 	 0.9390006 	 0.9420054 	2.85131125 	 4.40274 	 6.0561075 	 7.263375 	22.19585375 	 0.07521625 	 6.11324125 	0.0237179935862 	 0.0231971790012 	 0.0216488431739 	 0.025167989898 	 0.0313019302293 
	 	 0.9420054 	 0.9405024 	 0.9420054 	 0.943477623271 	2.46005375 	 3.550445 	 5.076815 	 6.344485 		 	 	 0.0294108540405 	 0.0395236362056 	 0.0390461640517 	 0.0487027818772 

15MBAR@0_098	15 	1.8839904 	 1.88351199037 	 1.8776166 	 1.8839904 	6.409135 	 9.4696375 	 12.78302875 	 15.09835875 	22.1678725 	 0.71925375 	 12.72731625 	0.0227985248723 	 0.0224785704598 	 0.0208741576544 	 0.0246639706471 	 0.0303130744866 
	 	 1.8818646 	 1.87974 	 1.88193898273 	 1.8839904 	5.54110625 	 7.7403 	 10.8470175 	 13.184945 		 	 	 0.0287236007557 	 0.0378364970749 	 0.0363707977004 	 0.0487584767282 

20MBAR@0_0245	20 	0.469935 	 0.469935 	 0.4688736 	 0.469935 	0.3699705 	 1.0806165 	 1.8111365 	 2.341624 	22.3710905 	 -0.7948175 	 1.776558 	0.0291048975689 	 0.0269391350564 	 0.0245177386685 	 0.0276891335164 	 0.0378544369656 
	 	 0.4709976 	 0.4709976 	 0.472020953666 	 0.4720614 	0.212964 	 0.662842 	 1.2747335 	 1.899018 		 	 	 0.0358453896826 	 0.0498644928046 	 0.0533202217605 	 0.0555544866669 

20MBAR@0_049	20 	0.9420054 	 0.9405024 	 0.9390006 	 0.9420054 	2.345416 	 3.685304 	 5.1366225 	 6.1061645 	20.187296 	 -0.0665585 	 4.914029 	0.0270325241063 	 0.025630638221 	 0.0230642738728 	 0.026655529357 	 0.0356395359382 
	 	 0.940514419238 	 0.9405024 	 0.9420054 	 0.9420054 	1.968477 	 2.837783 	 4.086445 	 5.16378 		 	 	 0.0341902341148 	 0.0465857415872 	 0.0465054693088 	 0.0554518769376 

20MBAR@0_098	20 	1.8839904 	 1.8839904 	 1.8776166 	 1.8839904 	5.115443 	 7.7223825 	 10.621816 	 12.4713335 	22.146989 	 0.1775035 	 10.008184 	0.026021823289 	 0.0250151138598 	 0.0223660998363 	 0.0261424874886 	 0.0347016865644 
	 	 1.8818646 	 1.87974 	 1.88394361949 	 1.8839904 	4.2778475 	 6.0083005 	 8.5415425 	 10.4994455 		 	 	 0.0335726421388 	 0.044905589435 	 0.0434779678974 	 0.0561117685701 

