Heat Transfer Coefficient Data

Strip Area	 18.73 	 cm2
Power Correction Slope 	 0.1022 	 W/deg C(lab)

Case 	 Flow 	 Strip Power 	 	 	 	 Temperatures 	 	 	 	 T_lab 	 T_gasIn 	 T_gasOut 	 HTC 	 	 	 	 Mean HTC
30LPM@0_0245	30 	0.469935 	 0.4678134 	 0.462758708167 	 0.469935 	2.65627833333 	 3.89318666667 	 5.19564833333 	 6.26536388889 	23.8225866667 	 0.698593888889 	 5.64435333333 	0.0171261548097 	 0.0170356151154 	 0.01604366008 	 0.0185113882237 	 0.0202690946695 
	 	 0.471934271893 	 0.4709976 	 0.4688736 	 0.4720614 	2.49895444444 	 3.50461277778 	 4.77775055556 	 5.89254055556 		 	 	 0.0194956824779 	 0.024172386444 	 0.0231597946957 	 0.0266080755099 

30LPM@0_049	30 	0.9420054 	 0.9360006 	 0.9270294 	 0.9420054 	5.05078277778 	 7.48448888889 	 10.0499361111 	 12.07983 	24.51725 	 1.02391666667 	 10.7513405556 	0.0164074659175 	 0.0162826737366 	 0.0153818097601 	 0.0181261026309 	 0.0195252145083 
	 	 0.9420054 	 0.9420054 	 0.9375 	 0.9435096 	4.67516222222 	 6.69604666667 	 9.24732611111 	 11.25411 		 	 	 0.0189381344186 	 0.0227828496378 	 0.021401452743 	 0.0268812272215 

30LPM@0_098	30 	1.8839904 	 1.8754944 	 1.8564486 	 1.8839904 	10.5763716667 	 15.4390105556 	 20.5543338889 	 24.4902605556 	24.8591083333 	 2.33182111111 	 21.7054761111 	0.0157961444393 	 0.0156665034307 	 0.0148034118762 	 0.0176661160429 	 0.0189014816441 
	 	 1.8818646 	 1.8818646 	 1.87131599919 	 1.8839904 	9.75444444444 	 13.8246316667 	 18.9262261111 	 22.7122794444 		 	 	 0.0183696253106 	 0.0217293517401 	 0.020353164667 	 0.0268275356456 

40LPM@0_0245	40 	0.4314624 	 0.4304454 	 0.4253784 	 0.431547882634 	1.44974 	 2.318864 	 3.214628 	 4.010324 	24.205152 	 0.031668 	 3.471596 	0.0220400618835 	 0.0217835512416 	 0.0207670623026 	 0.0224852936516 	 0.0272823202871 
	 	 0.4335 	 0.4324806 	 0.4314624 	 0.4335 	1.282212 	 1.946316 	 2.809924 	 3.668708 		 	 	 0.0266724693701 	 0.0349489551083 	 0.0346607221473 	 0.0349004465918 

40LPM@0_049	40 	0.9420054 	 0.9390006 	 0.9270294 	 0.9420054 	3.729192 	 5.579852 	 7.547296 	 9.185772 	24.511928 	 0.465304 	 7.915728 	0.0202469525971 	 0.0202820347403 	 0.019141808232 	 0.0214540178917 	 0.0253848551392 
	 	 0.9420054 	 0.9420054 	 0.9390006 	 0.9435096 	3.289088 	 4.74856 	 6.67784 	 8.334552 		 	 	 0.0249554621282 	 0.0317103656326 	 0.030248486889 	 0.0350397130029 

40LPM@0_098	40 	1.8839904 	 1.8776166 	 1.85642327049 	 1.8839904 	8.067424 	 11.733368 	 15.6837 	 18.852132 	24.726816 	 1.3962 	 16.182124 	0.0195156470773 	 0.0195689782365 	 0.0183603031562 	 0.0208318873665 	 0.0245548740994 
	 	 1.8818646 	 1.8818646 	 1.8754944 	 1.8839904 	7.117832 	 10.046384 	 13.916112 	 17.019312 		 	 	 0.0242707522773 	 0.0302725038765 	 0.0285691535718 	 0.035049767233 

50LPM@0_0245	50 	0.432477204007 	 0.4304454 	 0.4253784 	 0.4324806 	0.91024 	 1.59521666667 	 2.36865166667 	 2.99071444444 	25.7019683333 	 -0.233128333333 	 2.40555388889 	0.0273443133799 	 0.0263900457085 	 0.0229543795231 	 0.0243123338408 	 0.0345411803568 
	 	 0.4335 	 0.433308487823 	 0.4314624 	 0.433500566667 	0.766241666667 	 1.22897055556 	 1.86606722222 	 2.56535333333 		 	 	 0.0333068915614 	 0.0471650891338 	 0.0493119263805 	 0.0455444633269 

50LPM@0_049	50 	0.9420054 	 0.9390006 	 0.9255384 	 0.9420054 	2.96107888889 	 4.33915555556 	 5.96764444444 	 7.20940055556 	22.5652266667 	 0.436392777778 	 5.83232277778 	0.0259227652507 	 0.0254360607867 	 0.0218097669563 	 0.0233782857916 	 0.0329622612703 
	 	 0.9420054 	 0.9405024 	 0.938384375134 	 0.9435096 	2.56756777778 	 3.53961444444 	 4.91779277778 	 6.18428777778 		 	 	 0.032925586664 	 0.0443454492667 	 0.0430759480607 	 0.0468042273854 

50LPM@0_098	50 	1.8839904 	 1.8776166 	 1.8543384 	 1.8839904 	6.16911722222 	 8.92605388889 	 12.239915 	 14.6498577778 	22.2702833333 	 0.931650555556 	 11.8457083333 	0.0247200177649 	 0.0244527038524 	 0.0209857001126 	 0.0229694014837 	 0.0317348051048 
	 	 1.8818646 	 1.87990166348 	 1.8754944 	 1.8839904 	5.310645 	 7.29033611111 	 10.1293905556 	 12.5285222222 		 	 	 0.0317215999102 	 0.0421584717505 	 0.0400984500884 	 0.0467720958761 

60LPM@0_0245	60 	0.469935 	 0.4688736 	 0.4625304 	 0.469935 	0.69368 	 1.32299333333 	 2.11663833333 	 2.66374333333 	20.7290916667 	 -0.362497777778 	 1.89160333333 	0.0315168611952 	 0.0289816267816 	 0.022434095812 	 0.0231588132899 	 0.038983456166 
	 	 0.4709976 	 0.4709976 	 0.469935 	 0.4720614 	0.540436666667 	 0.926700555556 	 1.45917055556 	 2.07990111111 		 	 	 0.0393834319894 	 0.0551099425455 	 0.0591179136234 	 0.0521649640914 

60LPM@0_049	60 	0.942002894002 	 0.9390006 	 0.9255384 	 0.9420054 	2.21410444444 	 3.38811722222 	 4.98773277778 	 6.00770833333 	20.5748133333 	 0.02319 	 4.33767777778 	0.0293632861309 	 0.0276681966797 	 0.0209953927408 	 0.0219507208554 	 0.0367568594931 
	 	 0.9420054 	 0.9405024 	 0.9390006 	 0.9435096 	1.83694333333 	 2.58292555556 	 3.662565 	 4.70893111111 		 	 	 0.0380532228294 	 0.0514082001452 	 0.0512676597058 	 0.0533481968575 

60LPM@0_098	60 	1.8839904 	 1.87974 	 1.8543384 	 1.8861174 	4.36427722222 	 6.52115666667 	 8.84062833333 	 11.2287427778 	23.7326422222 	 -0.0492127777778 	 8.09816166667 	0.0286078739619 	 0.027566384881 	 0.0251577142209 	 0.0234367792234 	 0.0364689895004 
	 	 1.8839904 	 1.8818646 	 1.87592817441 	 1.8861174 	3.61696722222 	 5.02160055556 	 7.04670055556 	 8.883365 		 	 	 0.0366822329934 	 0.0481319069223 	 0.048255789138 	 0.053913234662 

